# Zn-doped RuO2 gas phase/ 0V
0Zn_AEM                                   -1025.124  -1035.714  0.334  -1030.961  0.064  -1040.045  0.357  -1035.535  0.109
0Zn_LOM                                   -1025.124  -1035.714  0.334  -1030.961  0.064  -1017.365  0.000  -1028.445  0.316
0Zn_OPM1                                  -1025.124  -1035.714  0.334  -1030.961  0.064  -1041.491  0.396  -1035.535  0.109
0Zn_OPM2                                  -1025.124  -1035.714  0.334  -1046.312  0.665  -1041.491  0.396  -1035.535  0.109

1Zn_AEM                                   -1018.660  -1029.014  0.334  -1024.310  0.064  -1033.322  0.357  -1028.787  0.109
1Zn_LOM                                   -1018.660  -1029.014  0.334  -1024.310  0.064  -1011.137  0.000  -1022.587  0.316
1Zn_OPM1                                  -1018.660  -1029.014  0.334  -1024.310  0.064  -1033.478  0.396  -1028.787  0.109
1Zn_OPM2                                  -1018.660  -1029.014  0.334  -1038.262  0.665  -1033.478  0.396  -1028.787  0.109

2Zn_AEM                                   -1012.148  -1022.440  0.334  -1017.750  0.064  -1026.753  0.357  -1022.188  0.109
2Zn_LOM                                   -1012.148  -1022.440  0.334  -1017.750  0.064  -1004.753  0.000  -1016.077  0.316
2Zn_OPM1                                  -1012.148  -1022.440  0.334  -1017.750  0.064  -1026.960  0.396  -1022.188  0.109
2Zn_OPM2                                  -1012.148  -1022.440  0.334  -1031.727  0.665  -1026.960  0.396  -1022.188  0.109

3Zn_AEM                                   -1004.876  -1015.155  0.334  -1010.492  0.064  -1019.485  0.357  -1014.889  0.109
3Zn_LOM                                   -1004.876  -1015.155  0.334  -1010.492  0.064   -997.709  0.000  -1008.921  0.316
3Zn_OPM1                                  -1004.876  -1015.155  0.334  -1010.492  0.064  -1019.664  0.396  -1014.889  0.109
3Zn_OPM2                                  -1004.876  -1015.155  0.334  -1024.452  0.665  -1019.664  0.396  -1014.889  0.109

4Zn_AEM                                    -997.705  -1007.706  0.334  -1002.997  0.064  -1012.031  0.357  -1007.569  0.109
4Zn_LOM                                    -997.705  -1007.706  0.334  -1002.997  0.064   -990.439  0.000  -1001.743  0.316
4Zn_OPM1                                   -997.705  -1007.706  0.334  -1002.997  0.064  -1012.005  0.396  -1007.569  0.109
4Zn_OPM2                                   -997.705  -1007.706  0.334  -1016.812  0.665  -1012.005  0.396  -1007.569  0.109

5Zn_AEM                                    -990.065  -1000.034  0.334   -995.296  0.064  -1004.374  0.357   -999.908  0.109
5Zn_LOM                                    -990.065  -1000.034  0.334   -995.296  0.064   -982.943  0.000   -994.112  0.316
5Zn_OPM1                                   -990.065  -1000.034  0.334   -995.296  0.064  -1004.289  0.396   -999.908  0.109
5Zn_OPM2                                   -990.065  -1000.034  0.334  -1009.134  0.665  -1004.289  0.396   -999.908  0.109

6Zn_AEM                                    -982.508   -992.462  0.334   -987.687  0.064   -996.816  0.357   -992.286  0.109
6Zn_LOM                                    -982.508   -992.462  0.334   -987.687  0.064   -975.358  0.000   -986.538  0.316
6Zn_OPM1                                   -982.508   -992.462  0.334   -987.687  0.064   -996.652  0.396   -992.286  0.109
6Zn_OPM2                                   -982.508   -992.462  0.334  -1001.487  0.665   -996.652  0.396   -992.286  0.109

